3.57223
3.6436
3.72196
3.77432
3.81674
3.84833
3.92096
4.01471
4.0289
4.07618
4.09867
4.05552
4.00343
3.97985
3.95101
3.93899
3.92416
3.88444
3.83917
3.78371
3.75011
3.71537
3.63645
3.57841
3.53142
3.48981
3.42125
3.36109
3.28823
3.17846
3.08482
2.95078
2.80517
2.63868
2.47413
2.30575
2.16478
2.02335
1.89217
1.77003
1.65928
1.56496
1.49079
1.41815
1.33734
1.26133
1.19477
1.14108
1.09661
1.06965
1.0435
1.01935
0.990327
0.964171
0.938359
0.908482
0.884787
0.845753
0.825435
0.80918
0.793842
0.778961
0.761332
0.747997
0.735749
0.724588
0.714515
0.706273
0.69763
0.689618
0.683894
0.677942
0.670902
0.664778
0.65997
0.654762
0.649611
0.643143
0.637534
0.631696
0.625687
0.621566
0.617216
0.61092
0.605025
0.599702
0.59312
0.588713
0.584192
0.580128
0.575378
0.571142
0.566506
0.563301
0.560497
0.558665
0.557177
0.5538
0.550538
0.548707
0.547161
0.545444
0.54367
0.540923
0.53869
0.536287
0.533997
0.532166
0.529304
0.527015
0.526099
0.523752
0.522092
0.520948
0.519517
0.517342
0.515739
0.513908
0.512134
0.510588
0.509444
0.508185
0.50601
0.504006
0.502576
0.500744
0.499027
0.497196
0.496451
0.494963
0.493819
0.492445
0.491071
0.490041
0.488553
0.487179
0.486035
0.485119
0.484547
0.484089
0.483459
0.482372
0.480598
0.479911
0.479567
0.478709
0.47785
0.476935
0.476019
0.475275
0.474245
0.4735
0.472413
0.471841
0.471154
0.47041
0.469952
0.469666
0.468178
0.467262
0.466289
0.465373
0.464343
0.463141
0.461596
0.46068
0.459192
0.458677
0.458047
0.457303
0.456387
0.455414
0.453812
0.450893
0.450549
0.448947
0.448031
0.446658
0.446543
0.446429
0.445513
0.443967
0.443452
0.442651
0.44185
0.440705
0.440133
0.439389
0.438988
0.438072
0.438015
0.436985
0.436241
0.435554
0.434867
0.434409
0.433894
0.433665
0.433207
0.432807
0.432234
0.430975
0.430575
0.42943
0.428972
0.428972
0.429087
0.428056
0.427255
0.426053
0.425023
0.424622
0.423878
0.423535
0.423592
0.423821
0.423077
0.42239
0.422676
0.421589
0.420444
0.420101
0.420158
0.419242
0.418956
0.418212
0.418269
0.417983
0.417468
0.416781
0.416037
0.415923
0.415579
0.415007
0.414892
0.414263
0.414263
0.413919
0.413748
0.413462
0.412717
0.412374
0.411573
0.411287
0.410772
0.410714
0.4106
0.410943
0.410543
0.410314
0.409741
0.409283
0.409112
0.409054
0.409455
0.409054
0.408997
0.409054
0.408826
0.408253
0.408425
0.40791
0.408082
0.407395
0.407509
0.406822
0.406193
0.406021
0.406078
0.405907
0.405277
0.404762
0.405048
0.404991
0.404533
0.404361
0.404075
0.403617
0.403331
0.403446
0.403331
0.402816
0.402644
0.402415
0.402759
0.402473
0.40253
0.401957
0.402415
0.402301
0.402301
0.402644
0.402186
0.402301
0.402015
0.402072
0.401786
0.402415
0.402358
0.402129
0.402129
0.402129
0.402072
0.402015
0.402015
0.402244
0.402072
0.402473
0.402816
0.403159
0.403446
0.403503
0.403617
0.403388
0.403331
0.403331
0.403503
0.40356
0.403217
0.402759
0.402473
0.402644
0.402873
0.402988
0.402644
0.402701
0.402473
0.402759
0.402701
0.402701
0.402301
0.402301
0.402244
0.402072
0.401557
0.401843
0.401843
0.402301
0.402473
0.402816
0.40253
0.402358
0.402244
0.402644
0.402701
0.402873
0.403217
0.403674
0.403617
0.403446
0.403503
0.403617
0.403732
0.403846
0.403674
0.403331
0.403388
0.403446
0.403274
0.403217
0.403388
0.40356
0.403217
0.403217
0.403217
0.403102
0.403159
0.403159
0.403331
0.403446
0.403503
0.403388
0.402988
0.40293
0.402988
0.403159
0.403274
0.403388
0.403446
0.403331
0.403274
0.403102
0.403102
0.403102
0.403102
0.403274
0.403331
0.403446
0.403503
0.40356
0.403503
0.403217
0.403446
0.403331
0.403446
0.403331
0.403045
0.403102
0.403045
0.403159
0.403331
0.403331
0.403045
0.402988
0.402873
0.402644
0.402473
0.402301
0.402129
0.402358
0.402129
0.402015
0.402072
0.402186
0.402072
0.401786
0.401843
0.401786
0.4019
0.402015
0.401957
0.401728
0.401614
0.401671
0.4015
0.401442
0.401385
0.401614
0.401557
0.401328
0.400984
0.400813
0.400698
0.400755
0.400698
0.400755
0.400813
0.400813
0.40087
0.40087
0.400527
0.400469
0.400641
0.400927
0.40087
0.400527
0.400469
0.400584
0.400755
0.400755
0.400927
0.401099
0.400984
0.401042
0.401156
0.401213
0.401271
0.401271
0.401614
0.401614
0.401557
0.401385
0.401213
0.401271
0.401213
0.400813
0.400984
0.400813
0.40087
0.400813
0.400641
0.400584
0.400584
0.400527
0.400527
0.400584
0.400698
0.400641
0.400698
0.400584
0.400469
0.400469
0.400584
0.400527
0.400641
0.400755
0.400527
0.400641
0.400755
0.40087
0.40087
0.400584
0.400527
0.400584
0.400527
0.400469
0.400527
0.400584
0.400641
0.400641
0.400641
0.400698
0.400813
0.40087
0.40087
0.40087
0.400984
0.400927
0.401156
0.401099
0.401042
0.401042
0.401042
0.400984
0.40087
0.401042
0.401271
0.401271
0.401328
0.401843
0.401843
0.401728
0.401557
0.401385
0.401156
0.401042
0.400813
0.400641
0.400698
0.400755
0.400755
0.400641
0.400527
0.400469
0.400412
0.400412
0.400183
0.400298
0.400298
0.400298
0.400355
0.400183
0.400355
0.400183
0.400183
0.400126
0.400069
0.40024
0.40024
0.400011
0.39984
0.399954
0.39984
0.399783
0.399725
0.399725
0.399611
0.399668
0.399668
0.399611
0.399382
0.399382
0.399382
0.399668
0.399554
0.399611
0.399554
0.399897
0.399783
0.399725
0.399783
0.399783
0.399897
0.39984
0.399668
0.399496
0.399554
0.399611
0.399725
0.399611
0.399496
0.399611
0.399668
0.39984
0.399897
0.400011
0.399954
0.400069
0.399897
0.399954
0.39984
0.399611
0.399668
0.399725
0.399611
0.39984
0.399897
0.399725
0.399668
0.399783
0.399439
0.399496
0.399611
0.399439
0.399382
0.399382
0.399038
0.399153
0.399554
0.399554
0.39984
0.399897
0.400011
0.400069
0.399897
0.400069
0.400069
0.39984
0.399954
0.400126
0.400069
0.39984
0.400069
0.400069
0.400183
0.400355
0.400183
0.400069
0.400011
0.400011
0.399783
0.400011
0.400011
0.400069
0.399954
0.399783
0.399725
0.39984
0.399668
0.399668
0.399554
0.399668
0.399668
0.399668
0.399554
0.399325
0.399554
0.399554
0.399439
0.399611
0.399668
0.399725
0.399668
0.399496
0.399267
0.39921
0.39921
0.399267
0.399325
0.399096
0.399038
0.398924
0.398867
0.398867
0.39881
0.398752
0.398695
0.39881
0.398924
0.398924
0.398924
0.398924
0.39881
0.39881
0.398981
0.398867
0.398867
0.399153
0.399038
0.399038
0.399153
0.398924
0.398924
0.398752
0.398924
0.398981
0.398981
0.398867
0.399153
0.399153
0.399096
0.399038
0.398981
0.398981
0.398867
0.398867
0.398752
0.398695
0.398581
0.398581
0.398581
0.398638
0.398581
0.398695
0.398695
0.398695
0.398695
0.398638
0.398752
0.398695
0.398867
0.398924
0.398752
0.398581
0.398409
0.398466
0.398294
0.398065
0.397951
0.398008
0.397722
0.398008
0.398065
0.398237
0.39818
0.398294
0.398466
0.398581
0.398638
0.39881
0.398981
0.399325
0.399267
0.399382
0.399382
0.399382
0.399267
0.399096
0.399038
0.398981
0.398924
0.39881
0.398695
0.39881
0.398695
0.398638
0.398638
0.398581
0.398638
0.398523
0.398409
0.398352
0.39818
0.398008
0.397951
0.397779
0.397837
0.398065
0.397894
0.397837
0.398065
0.398065
0.39818
0.397951
0.397837
0.398065
0.398065
0.398065
0.397951
0.397951
0.398008
0.398065
0.398065
0.39818
0.398008
0.398237
0.398237
0.398123
0.397951
0.397951
0.397894
0.397722
0.397665
0.397493
0.397493
0.397493
0.397379
0.397379
0.397264
0.397321
0.397321
0.397207
0.397264
0.397207
0.397264
0.397035
0.396635
0.396692
0.396692
0.396749
0.396749
0.396749
0.396749
0.396806
0.396864
0.396978
0.397035
0.397264
0.397264
0.39755
0.397608
0.397608
0.39755
0.397722
0.397665
0.397722
0.397779
0.397665
0.397665
0.397722
0.397837
0.398008
0.397894
0.397894
0.397951
0.397951
0.398123
0.398123
0.398123
0.398008
0.398008
0.398123
0.397894
0.398065
0.397951
0.397951
0.397894
0.398065
0.398065
0.398065
0.398065
0.397951
0.398008
0.398294
0.398409
0.398466
0.398581
0.398523
0.398523
0.398581
0.398581
0.398466
0.398638
0.398867
0.398695
0.398867
0.39881
0.39881
0.398638
0.398581
0.398352
0.398466
0.398523
0.398523
0.398409
0.398581
0.398638
0.398638
0.398695
0.398695
0.398466
0.398466
0.398466
0.398352
0.398466
0.398237
0.398294
0.398409
0.398294
0.398008
0.398065
0.398008
0.397894
0.397894
0.397722
0.397321
0.397379
0.397493
0.397436
0.397493
0.397493
0.397493
0.397436
0.397321
0.397379
0.397493
0.397493
0.397379
0.397207
0.397207
0.397035
0.397092
0.397207
0.397092
0.397035
0.396978
0.397035
0.396978
0.397092
0.39715
0.397092
0.397035
0.397092
0.397092
0.396864
0.396978
0.396921
0.396864
0.396749
0.396806
0.396978
0.396978
0.396921
0.396635
0.396577
0.396577
0.39652
0.396635
0.39652
0.39652
0.396406
0.396348
0.396291
0.396234
0.396177
0.396177
0.396177
0.396062
0.396005
0.395948
0.395948
0.396005
0.39612
0.395833
0.395776
0.395948
0.395719
0.395776
0.395891
0.395776
0.395776
0.395662
0.39549
0.395604
0.395662
0.395375
0.395375
0.395318
0.395318
0.395318
0.395375
0.395204
0.395089
0.395089
0.395032
0.395089
0.394918
0.394746
0.394746
0.39486
0.394918
0.394918
0.394746
0.395032
0.395032
0.394975
0.39486
0.39486
0.39486
0.394918
0.39486
0.394803
0.394803
0.394631
0.394631
0.394517
0.394517
0.394517
0.394631
0.394574
0.394517
0.394345
0.394345
0.394231
0.394174
0.394345
0.394231
0.394231
0.394174
0.393945
0.394059
0.394002
0.394059
0.393945
0.39383
0.393945
0.394002
0.394059
0.394002
0.393945
0.393945
0.394174
0.394116
0.394116
0.394174
0.394174
0.394116
0.394059
0.394116
0.394116
0.393945
0.394002
0.394002
0.393945
0.393945
0.394002
0.394116
0.394059
0.394116
0.394059
0.393945
0.39383
0.393773
0.393773
0.393658
0.393658
0.393945
0.394002
0.394002
0.394002
0.394231
0.394231
0.394059
0.394002
0.394002
0.394116
0.394059
0.394059
0.394288
0.394174
0.394288
0.394288
0.394288
0.394402
0.394402
0.394345
0.394345
0.394402
0.394574
0.394517
0.394402
0.394402
0.394231
0.394288
0.394174
0.394288
0.394288
0.394174
0.394116
0.394174
0.393945
0.393945
0.393945
0.394059
0.394002
0.394116
0.394116
0.394174
0.394288
0.394231
0.394231
0.394231
0.394231
0.394345
0.394345
0.39446
0.394345
0.394345
0.394345
0.394288
0.394345
0.394345
0.394288
0.394345
0.394402
0.394517
0.39446
0.394402
0.394517
0.39446
0.394402
0.394345
0.394231
0.394231
0.394288
0.394288
0.394345
0.394402
0.394517
0.394517
0.394517
0.394517
0.394574
0.394574
0.394574
0.394574
0.394574
0.394689
0.394746
0.394803
0.394746
0.394746
0.394689
0.394689
0.394746
0.39486
0.394918
0.395032
0.395032
0.395032
0.395147
0.395204
0.395375
0.395318
0.395147
0.395204
0.395204
0.395261
0.395261
0.395204
0.395261
0.395261
0.395261
0.395318
0.395433
0.395433
0.395318
0.395261
0.395261
0.395032
0.395147
0.395089
0.395032
0.395032
0.395261
0.395261
0.395375
0.395375
0.395375
0.395261
0.395261
0.395318
0.395318
0.395204
0.395147
0.395204
0.395204
0.395204
0.395204
0.39549
0.395375
0.395375
0.39549
0.395433
0.39549
0.395433
0.39549
0.395604
0.395662
0.395662
0.395833
0.395662
0.395604
0.395604
0.395547
0.39549
0.395433
0.395433
0.395433
0.39549
0.395433
0.395318
0.395433
0.39549
0.39549
0.39549
0.395662
0.395604
0.395662
0.395662
0.395719
0.395662
0.395662
0.395662
0.395604
0.395604
0.39549
0.395433
0.39549
0.395433
0.395433
0.39549
0.395318
0.395261
0.395318
0.395261
0.395318
0.395433
0.395433
0.395433
0.395433
0.395547
0.395662
0.395604
0.395604
0.395547
0.39549
0.395604
0.395547
0.395433
0.395433
0.395318
0.395261
0.395204
0.395147
0.395261
0.395261
0.395204
0.395089
0.395032
0.394975
0.394975
0.394918
0.395032
0.395032
0.39486
0.395032
0.395032
0.395032
0.395089
0.395032
0.395147
0.395032
0.395032
0.395032
0.394975
0.395032
0.395032
0.395032
0.395032
0.395089
0.395261
0.395204
0.395204
0.395261
0.395433
0.395433
0.395433
0.395375
0.395433
0.395433
0.395433
0.395547
0.395604
0.395604
0.395604
0.395547
0.395547
0.395547
0.395604
0.395604
0.395318
0.395375
0.395433
0.395375
0.395375
0.395261
0.395261
0.395261
0.395261
0.395147
0.395147
0.395032
0.395089
0.395089
0.395089
0.395147
0.395032
0.394975
0.394975
0.394975
0.394918
0.39486
0.394803
0.39486
0.39486
0.394803
0.394746
0.394746
0.394803
0.39486
0.394803
0.394803
0.394803
0.394803
0.394803
0.394803
0.394975
0.395032
0.395089
0.394975
0.39486
0.394803
0.394918
0.394975
0.394803
0.394689
0.394689
0.394574
0.394574
0.394574
0.394631
0.394631
0.394574
0.394517
0.394574
0.394631
0.394803
0.394918
0.394803
0.394918
0.39486
0.394631
0.394631
0.394746
0.394746
0.394689
0.394689
0.394689
0.394574
0.394574
0.394574
0.394574
0.394574
0.394574
0.39446
0.394631
0.394746
0.394631
0.39446
0.39446
0.394402
0.394402
0.394345
0.39446
0.394517
0.394517
0.394517
0.394517
0.39446
0.394345
0.394345
0.394402
0.39446
0.394517
0.394574
0.394574
0.394517
0.394574
0.394574
0.394631
0.394631
0.394689
0.394631
0.394631
0.394689
0.394918
0.394746
0.394746
0.394746
0.394746
0.394746
0.394689
0.394746
0.394746
0.394631
0.394689
0.394631
0.394574
0.39446
0.39446
0.39446
0.394517
0.394574
0.394574
0.394517
0.394631
0.394574
0.394574
0.394689
0.394746
0.394746
0.394746
0.39486
0.394803
0.394746
0.394803
0.394803
0.394746
0.394803
0.394803
0.39486
0.39486
0.39486
0.39486
0.394975
0.394975
0.395032
0.395089
0.395089
0.395032
0.395089
0.395089
0.395147
0.395204
0.395261
0.395318
0.395261
0.395318
0.395318
0.395318
0.395433
0.395318
0.395204
0.395204
0.395318
0.395147
0.395147
0.395204
0.395318
0.395375
0.395375
0.39549
0.395433
0.395375
0.395318
0.395433
0.39549
0.39549
0.39549
0.395547
0.395719
0.395719
0.395833
0.395776
0.395833
0.395833
0.395891
0.395891
0.395948
0.395948
0.395948
0.396062
0.39612
0.39612
0.396005
0.396005
0.396062
0.39612
0.396062
0.396005
0.396062
0.396062
0.396005
0.396005
0.396005
0.396005
0.396062
0.39612
0.39612
0.396005
0.395948
0.396005
0.395833
0.395833
0.395719
0.395604
0.395604
0.395604
0.395604
0.395547
0.395547
0.395547
0.395604
0.395604
0.395719
0.395776
0.395776
0.395776
0.395776
0.395776
0.395891
0.395948
0.395948
0.395948
0.395833
0.395833
0.395833
0.395833
0.395776
0.395776
0.395776
0.395776
0.395833
0.395776
0.395776
0.395891
0.395891
0.395776
0.395719
0.395776
0.395662
0.395662
0.395662
0.395719
0.395776
0.395776
0.395719
0.395662
0.395776
0.395891
0.395891
0.395891
0.396005
0.396062
0.396005
0.396005
0.396005
0.396062
0.396005
0.396005
0.396062
0.396005
0.396005
0.396005
0.396005
0.396005
0.396005
0.396005
0.396062
0.395948
0.395948
0.396005
0.396062
0.396062
0.396062
0.396062
0.396005
0.396062
0.395948
0.396005
0.396005
0.396005
0.396062
0.39612
0.396005
0.396005
0.39612
0.39612
0.396062
0.396062
0.396062
0.39612
0.396062
0.396062
0.395948
0.396005
0.396005
0.395948
0.395833
0.395833
0.395833
0.395833
0.395776
0.395776
0.395776
0.395719
0.395833
0.395833
0.395891
0.395891
0.395891
0.395891
0.396062
0.396062
0.39612
0.39612
0.39612
0.396291
0.396406
0.396348
0.396348
0.396406
0.396406
0.396406
0.396406
0.396406
0.396463
0.396406
0.396406
0.396406
0.39652
0.396577
0.396635
0.396692
0.396749
0.396692
0.396692
0.396692
0.396577
0.39652
0.396577
0.396463
0.396406
0.396463
0.39652
0.396406
0.396463
0.396463
0.39652
0.39652
0.39652
0.39652
0.396406
0.396348
0.396348
0.396348
0.396348
0.396348
0.396463
0.39652
0.39652
0.396692
0.396692
0.396806
0.396864
0.396921
0.396921
0.396921
0.396921
0.396921
0.396921
0.396921
0.397092
0.397092
0.397035
0.396978
0.396921
0.396978
0.396978
0.396978
0.397035
0.396921
0.396864
0.396864
0.396864
0.396806
0.396921
0.396921
0.396921
0.396921
0.396864
0.396864
0.396864
0.396864
0.396749
0.396806
0.396921
0.396978
0.397035
0.397092
0.397207
0.397264
0.397264
0.397207
0.397264
0.397321
0.397379
0.397436
0.397436
0.397379
0.397379
0.397321
0.397264
0.397436
0.397436
0.397436
0.397436
0.397436
0.397436
0.397321
0.397321
0.397264
0.397207
0.39715
0.397092
0.39715
0.397321
0.397321
0.397207
0.397264
0.397321
0.397379
0.397379
0.397379
0.397321
0.397436
0.397436
0.397436
0.397436
0.397436
0.397436
0.39755
0.397608
0.397608
0.397665
0.397608
0.397722
0.397779
0.397837
0.397894
0.397894
0.397894
0.397894
0.397837
0.397837
0.397779
0.397837
0.397837
0.397837
0.397837
0.397779
0.397779
0.397779
0.397665
0.397665
0.397779
0.397779
0.397779
0.397722
0.397665
0.397722
0.397779
0.397837
0.398008
0.398065
0.398008
0.397951
0.397951
0.397951
0.397951
0.397951
0.397951
0.398065
0.398065
0.398065
0.398123
0.39818
0.398123
0.39818
0.39818
0.39818
0.39818
0.39818
0.398294
0.398294
0.398409
0.398352
0.398352
0.398352
0.398294
0.398294
0.398237
0.39818
0.39818
0.39818
0.398294
0.398352
0.398409
0.398352
0.398294
0.398352
0.398409
0.398409
0.398409
0.398352
0.398409
0.398409
0.398466
0.398466
0.398581
0.398523
0.398523
0.398409
0.398409
0.398409
0.398409
0.398409
0.398466
0.398466
0.398409
0.398466
0.398466
0.398523
0.398466
0.398409
0.398352
0.398409
0.398523
0.398581
0.398638
0.398638
0.398523
0.398581
0.398581
0.398638
0.398581
0.398466
0.398638
0.398638
0.398581
0.398581
0.398581
0.398523
0.398523
0.398638
0.398638
0.398638
0.398695
0.398638
0.398695
0.398695
0.398695
0.398695
0.398752
0.398752
0.39881
0.398695
0.398752
0.398695
0.398752
0.398695
0.398695
0.398638
0.398581
0.398695
0.398695
0.398638
0.398638
0.398695
0.398752
0.398867
0.398924
0.398924
0.39881
0.398695
0.398695
0.398638
0.398752
0.398695
0.398695
0.398638
0.398581
0.398638
0.398638
0.39881
0.398752
0.398981
0.398981
0.398924
0.399038
0.398981
0.398867
0.398924
0.398924
0.398867
0.398867
0.398924
0.398981
0.398981
0.398981
0.399038
0.399038
0.399096
0.399096
0.399038
0.399038
0.398981
0.398981
0.398981
0.398981
0.398981
0.398867
0.39881
0.39881
0.39881
0.39881
0.398867
0.398867
0.398981
0.399038
0.399096
0.399096
0.399038
0.399096
0.39921
0.399096
0.398981
0.398924
0.398867
0.398867
0.398924
0.398924
0.398924
0.398924
0.398924
0.398924
0.398981
0.398981
0.399153
0.39921
0.39921
0.399267
0.399153
0.399153
0.399153
0.399153
0.399153
0.399153
0.39921
0.39921
0.39921
0.39921
0.39921
0.399153
0.399096
0.399096
0.399153
0.39921
0.39921
0.39921
0.399267
0.399325
0.399382
0.399382
0.399382
0.399496
0.399382
0.399439
0.399382
0.399439
0.399496
0.399439
0.399382
0.399382
0.399382
0.399382
0.399382
0.399382
0.399496
0.399496
0.399668
0.399611
0.399611
0.399611
0.399611
0.399611
0.399611
0.399725
0.399783
0.399783
0.399783
0.399783
0.399783
0.399897
0.39984
0.399897
0.399954
0.399954
0.399954
0.399954
0.399897
0.399897
0.399554
0.399496
0.399496
0.399554
0.399554
0.399554
0.399496
0.399496
0.399496
0.399496
0.399496
0.399496
0.399496
0.399496
0.399496
0.399496
0.399496
0.399496
0.399496
0.399496
0.399439
0.399439
0.399382
0.399325
0.399382
0.399382
0.399496
0.399496
0.399439
0.399496
0.399496
0.399439
0.399439
0.399439
0.399554
0.399554
0.399554
0.399496
0.399496
0.399496
0.399496
0.399496
0.399554
0.399611
0.399668
0.399554
0.399554
0.399554
0.399554
0.399439
0.399325
0.399382
0.399382
0.399267
0.39921
0.39921
0.39921
0.39921
0.399267
0.399267
0.399325
0.399325
0.399325
0.399325
0.399325
0.399325
0.399439
0.399439
0.399382
0.399382
0.399439
0.399382
0.399325
0.399325
0.39921
0.399096
0.399153
0.399153
0.39921
0.399267
0.399325
0.399325
0.399325
0.399325
0.399325
0.399325
0.399382
0.399439
0.399325
0.399325
0.399325
0.399325
0.399382
0.399382
0.399439
0.399439
0.399325
0.399325
0.399382
0.399382
0.399325
0.399267
0.399382
0.399382
0.399382
0.399382
0.399267
0.39921
0.39921
0.39921
0.39921
0.399153
0.399096
0.399153
0.399153
0.399153
0.399153
0.399153
0.399153
0.399096
0.399096
0.399153
0.399153
0.399153
0.399153
0.399153
0.39921
0.399325
0.399325
0.399325
0.399325
0.399267
0.39921
0.39921
0.39921
0.39921
0.39921
0.39921
0.39921
0.39921
0.39921
0.39921
0.399325
0.399382
0.399439
0.399496
0.399439
0.399439
0.399439
0.399439
0.399439
0.399496
0.399611
0.399611
0.399611
0.399611
0.399611
0.399611
0.399611
0.399554
0.399439
0.399439
0.399439
0.399496
0.399496
0.399496
0.399496
0.399439
0.399439
0.399439
0.399382
0.399439
0.399554
0.399496
0.399496
0.399496
0.399496
0.399496
0.399554
0.399554
0.399554
0.399439
0.399496
0.399496
0.399496
0.399554
0.399496
0.399554
0.399554
0.399783
0.39984
0.39984
0.399897
0.399897
0.399954
0.399954
0.400069
0.400126
0.400126
0.400126
0.400126
0.400126
0.400126
0.400069
0.400183
0.40024
0.400298
0.40024
0.40024
0.40024
0.40024
0.400183
0.400183
0.400183
0.40024
0.40024
0.400298
0.40024
0.40024
0.400355
0.400355
0.40024
0.400298
0.40024
0.40024
0.400298
0.400298
0.400355
0.400355
0.400412
0.400412
0.400412
0.400412
0.400469
0.400469
0.400469
0.400469
0.400412
0.400412
0.400469
0.400584
0.400584
0.400584
0.400527
0.400527
0.400527
0.400527
0.400469
0.400527
0.400584
0.400584
0.400641
0.400584
0.400584
0.400584
0.400641
0.400641
0.400755
0.400755
0.400755
0.400755
0.40087
0.40087
0.400927
0.400927
0.400927
0.400984
0.401042
0.400984
0.400984
0.401042
0.401156
0.401156
0.401385
0.402072
0.402186
0.402301
0.402129
0.402186
0.402244
0.402358
0.402072
0.4019
0.401843
0.401786
0.401671
0.401671
0.401728
0.401728
0.401728
0.401728
0.401843
0.401557
0.401671
0.4015
0.401385
0.4015
0.401614
0.401557
0.401671
0.401614
0.401671
0.401728
0.401671
0.401671
0.401728
0.401614
0.401614
0.401557
0.401614
0.401728
0.401843
0.401843
0.401843
0.4019
0.4019
0.401957
0.402072
0.402072
0.4019
0.401843
0.401843
0.401843
0.4019
0.401786
0.401728
0.401728
0.401728
0.401557
0.401614
0.401442
0.4015
0.401385
0.401385
0.401385
0.401385
0.401442
0.401442
0.401557
0.401557
0.4015
0.4015
0.401328
0.4015
0.4015
0.401557
0.401557
0.401328
0.401271
0.401271
0.401271
0.401271
0.401328
0.401213
0.401156
0.401156
0.401099
0.401099
0.400755
0.400755
0.400755
0.400698
0.400641
0.400641
0.400641
0.400641
0.400641
0.400641
0.400698
0.400698
0.400698
0.400641
0.400813
0.40087
0.400927
0.400984
0.401042
0.401156
0.401213
0.401213
0.401156
0.401156
0.401156
0.401385
0.401385
0.401328
0.401328
0.401328
0.401557
0.4015
0.4015
0.4015
0.4015
0.401442
0.401442
0.401385
0.401385
0.401385
0.401385
0.4015
0.401557
0.401557
0.401614
0.4015
0.4015
0.4015
0.401557
0.401442
0.401385
0.401385
0.4015
0.4015
0.401385
0.401328
0.401271
0.401271
0.401271
0.401271
0.401271
0.401328
0.401385
0.401271
0.401271
0.401213
0.401213
0.401271
0.401271
0.401213
0.401156
0.401213
0.401156
0.401156
0.401271
0.401271
0.401271
0.401271
0.401213
0.401156
0.401213
0.401213
0.401099
0.401099
0.401099
0.401271
0.401213
0.401271
0.401328
0.401328
0.401328
0.401385
0.401385
0.401328
0.401213
0.401156
0.401099
0.401099
0.401099
0.401156
0.401156
0.401156
0.401156
0.401156
0.401156
0.401156
0.401156
0.401156
0.401099
0.401099
0.401042
0.401042
0.400927
0.40087
0.400927
0.40087
0.400813
0.400813
0.400755
0.400755
0.400813
0.400755
0.400755
0.400755
0.400698
0.400698
0.400813
0.400755
0.400813
0.400927
0.400927
0.400984
0.401042
0.400927
0.400984
0.40087
0.400927
0.400984
0.400984
0.401042
0.401042
0.401042
0.401042
0.401042
0.401099
0.401042
0.401099
0.401213
0.401328
0.401271
0.401328
0.401328
0.401328
0.401213
0.401156
0.401042
0.401042
0.401042
0.400927
0.400927
0.40087
0.400813
0.40087
0.400813
0.400813
0.400813
0.40087
0.40087
0.40087
0.40087
0.40087
0.400927
0.400927
0.400927
0.40087
0.400927
0.400813
0.400813
0.400813
0.400755
0.400813
0.400755
0.400813
0.400813
0.400813
0.400927
0.400927
0.40087
0.400927
0.400984
0.400984
0.401156
0.401099
0.401099
0.401042
0.401042
0.401042
0.401042
0.401042
0.401099
0.401156
0.401328
0.401328
0.401328
0.401328
0.401271
0.401213
0.401271
0.401271
0.401328
0.401271
0.401385
0.401385
0.401328
0.401328
0.401328
0.401328
0.401156
0.401099
0.401099
0.401156
0.401156
0.400984
0.400927
0.400984
0.400984
0.400927
0.400927
0.400984
0.400984
0.400927
0.400927
0.400927
0.400927
0.40087
0.40087
0.400813
0.400813
0.400755
0.400813
0.400813
0.400813
0.400584
0.400584
0.400584
0.400584
0.400584
0.400584
0.400469
0.400469
0.400527
0.400698
0.400698
0.400698
0.400641
0.400584
0.400527
0.400584
0.400584
0.400584
0.400527
0.400469
0.400527
0.400527
0.400469
0.400412
0.400355
0.400355
0.400298
0.40024
0.40024
0.40024
0.40024
0.400298
0.400298
0.400298
0.40024
0.40024
0.40024
0.40024
0.40024
0.40024
0.400126
0.400126
0.400126
0.400183
0.400183
0.400126
0.400126
0.400011
0.400011
0.400011
0.399897
0.399897
0.400069
0.400126
0.400011
0.400011
0.399954
0.399954
0.399897
0.399954
0.39984
0.399725
0.39984
0.399783
0.399668
0.399668
0.399611
0.399611
0.399611
0.399611
0.399496
0.399325
0.399325
0.399325
0.399325
0.399382
0.399382
0.399382
0.399325
0.399325
0.399496
0.399496
0.399554
0.399554
0.399554
0.399439
0.399554
0.399496
0.399554
0.399611
0.399611
0.399554
0.399554
0.399668
0.399611
0.399668
0.399611
0.399611
0.399439
0.399439
0.399439
0.399496
0.399439
0.399439
0.399439
0.399439
0.399554
0.399554
0.399611
0.399611
0.399611
0.399668
0.399783
0.399783
0.399783
0.39984
0.399897
0.39984
0.399954
0.399954
0.400069
0.400126
0.400183
0.400183
0.400183
0.400183
0.400126
0.400126
0.400126
0.400126
0.400183
0.400183
0.400298
0.400355
0.400355
0.400469
0.400584
0.400584
0.400641
0.400641
0.400641
0.400584
0.400584
0.400584
0.400641
0.400641
0.400698
0.400755
0.400813
0.400755
0.400641
0.400698
0.400698
0.400641
0.400755
0.400641
0.400641
0.400698
0.400698
0.400698
0.400698
0.400698
0.400698
0.400641
0.400698
0.400584
0.400584
0.400527
0.400469
0.400355
0.400355
0.400298
0.400298
0.400355
0.400355
0.400355
0.400298
0.400183
0.40024
0.40024
0.40024
0.400126
0.40024
0.400183
0.400183
0.400126
0.400183
0.400183
0.400183
0.400183
0.400183
0.400183
0.400183
0.400126
0.400069
0.400011
0.399954
0.399954
0.399954
0.399954
0.399954
0.400011
0.399954
0.400011
0.400011
0.400011
0.400069
0.400069
0.400069
0.400183
0.40024
0.40024
0.40024
0.40024
0.40024
0.40024
0.400183
0.400183
0.400183
0.400183
0.400126
0.400126
0.400126
0.400126
0.400126
0.400126
0.400126
0.40024
0.40024
0.400126
0.400126
0.400126
0.400183
0.400183
0.400183
0.400126
0.400126
0.400069
0.400069
0.400069
0.400069
0.400011
0.400011
0.39984
0.399954
0.400069
0.400069
0.400069
0.400069
0.400011
0.399897
0.399954
0.399954
0.400011
0.400011
0.400011
0.399954
0.399954
0.399954
0.399954
0.400011
0.400011
0.399954
0.39984
0.399897
0.399897
0.399897
0.399954
0.399954
0.399897
0.399954
0.399954
0.400011
0.400011
0.400011
0.400011
0.400011
0.400011
0.400069
0.400011
0.400011
0.400126
0.400126
0.400183
0.400183
0.400183
0.400298
0.400298
0.40024
0.400183
0.400183
0.400183
0.40024
0.40024
0.40024
0.40024
0.400298
0.400355
0.400355
0.400412
0.400412
0.400412
0.400412
0.400412
0.400412
0.400126
0.400126
0.400183
0.40024
0.40024
0.40024
0.40024
0.40024
0.40024
0.400298
0.400298
0.400355
0.400355
0.400298
0.400298
0.400298
0.40024
0.400355
0.400527
0.400527
0.400527
0.400527
0.400527
0.400527
0.400527
0.400527
0.400527
0.400469
0.400527
0.400527
0.400469
0.400412
0.400355
0.400355
0.400412
0.400412
0.400469
0.400469
0.400412
0.400412
0.400469
0.400412
0.400355
0.400355
0.400355
0.400355
0.400355
0.400355
0.400355
0.400355
0.400355
0.400355
0.400355
0.400412
0.400298
0.400298
0.400298
0.400298
0.400298
0.400298
0.40024
0.400298
0.400298
0.400298
0.400355
0.400412
0.400412
0.400412
0.400412
0.400469
0.400469
0.400584
0.400584
0.400584
0.400584
0.400584
0.400641
0.400641
0.400641
0.400641
0.400584
0.400584
0.400584
0.400527
0.400527
0.400527
0.400527
0.400527
0.400641
0.400641
0.400584
0.400584
0.400584
0.400584
0.400584
0.400641
0.400641
0.400755
0.400755
0.400755
0.400755
0.40087
0.400927
0.400813
0.40087
0.40087
0.400927
0.401042
0.401042
0.401042
0.400927
0.400813
0.400813
0.400755
0.400755
0.400755
0.400813
0.400813
0.400813
0.400755
0.400813
0.400813
0.400813
0.400698
0.400641
0.400641
0.400641
0.400584
0.400527
0.400469
0.400412
0.400412
0.400584
0.400584
0.400584
0.400584
0.400584
0.400584
0.400584
0.400641
0.400641
0.400755
0.400755
0.400755
0.400755
0.400698
0.400698
0.400698
0.400698
0.400698
0.400698
0.400641
0.400641
0.400641
0.400641
0.400641
0.400641
0.400641
0.400698
0.400698
0.400698
0.400698
0.400698
0.400755
0.400755
0.400755
0.400755
0.400755
0.400698
0.400755
0.400813
0.40087
0.40087
0.400813
0.400813
0.400813
0.400813
0.400813
0.400698
0.400755
0.400813
0.40087
0.40087
0.40087
0.40087
0.400927
0.400927
0.400927
0.400927
0.400927
0.400927
0.400984
0.400927
0.400927
0.400927
0.400927
0.400927
0.400984
0.400984
0.400984
0.400984
0.400984
0.401042
0.401042
0.401042
0.401099
0.401099
0.401042
0.400984
0.400984
0.40087
0.401042
0.401042
0.401042
0.401042
0.400984
0.400984
0.400984
0.400927
0.400984
0.400984
0.400984
0.400927
0.400927
0.400984
0.400984
0.400927
0.40087
0.40087
0.40087
0.40087
0.400813
0.400813
0.400813
0.40087
0.400927
0.40087
0.40087
0.400813
0.40087
0.400927
0.40087
0.40087
0.400927
0.400927
0.400927
0.40087
0.400927
0.400927
0.400927
0.40087
0.40087
0.40087
0.400984
0.400984
0.400984
0.400984
0.400984
0.400984
0.400927
0.400984
0.401042
0.401042
0.401042
0.401099
0.401099
0.401099
0.401099
0.401042
0.400927
0.400927
0.400927
0.400927
0.40087
0.400813
0.400813
0.40087
0.400927
0.400927
0.400927
0.400927
0.400927
0.40087
0.400927
0.400984
0.401042
0.400984
0.401042
0.401042
0.401042
0.401042
0.401042
0.401042
0.401099
0.401156
0.401156
0.401213
0.401213
0.401271
0.401271
0.401271
0.401156
0.401156
0.401099
0.401042
0.401213
0.401385
0.401442
0.401442
0.4015
0.401442
0.4015
0.401557
0.4015
0.4015
0.4015
0.401614
0.401671
0.401671
0.401671
0.401671
0.401671
0.401671
0.401671
0.401671
0.401728
0.401728
0.401786
0.401786
0.401786
0.401786
0.401786
0.401786
0.401786
0.401786
0.401843
0.401843
0.401843
0.4019
0.402015
0.401957
0.401957
0.401957
0.4019
0.402015
0.402015
0.401957
0.402015
0.402015
0.402015
0.402015
0.402015
0.4019
0.4019
0.4019
0.401957
0.401957
0.4019
0.401957
0.401957
0.401843
0.401843
0.401786
0.401728
0.401728
0.401786
0.401786
0.401786
0.401786
0.401728
0.401671
0.401557
0.401557
0.401557
0.401557
0.401614
0.401614
0.401614
0.401614
0.401614
0.401614
0.401728
0.401728
0.401728
0.401786
0.401786
0.401843
0.401843
0.401843
0.401843
0.401843
0.401786
0.401786
0.401786
0.401786
0.401728
0.401728
0.401786
0.401786
0.401843
0.401843
0.401843
0.4019
0.401843
0.401843
0.401786
0.401786
0.401728
0.401728
0.401786
0.401786
0.401786
0.4019
0.401843
0.401957
0.401957
0.401843
0.401843
0.401843
0.401786
0.401786
0.401786
0.4019
0.401843
0.401843
0.401728
0.401728
0.401728
0.401671
0.401671
0.401671
0.401671
0.401671
0.401728
0.401728
0.401728
0.401728
0.401843
0.401843
0.401786
0.401843
0.401957
0.402015
0.401957
0.401957
0.402015
0.402015
0.402015
0.401957
0.401957
0.4019
0.4019
0.4019
0.4019
0.4019
0.4019
0.4019
0.401957
0.401957
0.402015
0.402015
0.402015
0.401957
0.402015
0.402072
0.402072
0.402129
0.402129
0.402129
0.402129
0.402129
0.402129
0.402129
0.402129
0.402129
0.402129
0.402129
0.402129
0.402129
0.402072
0.402072
0.402072
0.402072
0.402072
0.402072
0.402072
0.402129
0.402129
0.402129
0.402129
0.402129
0.402129
0.402129
0.402186
0.402186
0.402186
0.402186
0.402244
0.402244
0.402244
0.402301
0.402301
0.402301
0.402358
0.402358
0.402358
0.402358
0.402358
0.402358
0.402358
0.402358
0.402358
0.402358
0.402358
0.402415
0.402473
0.402473
0.402473
0.402473
0.40253
0.402473
0.402473
0.402473
0.402415
0.402415
0.402415
0.402415
0.402415
0.402415
0.402473
0.402473
0.402473
0.402473
0.402473
0.40253
0.40253
0.402587
0.402587
0.402587
0.402587
0.40253
0.40253
0.40253
0.40253
0.402587
0.402587
0.402587
0.402701
0.402759
0.402759
0.402759
0.402759
0.402759
0.402759
0.402701
0.402701
0.402701
0.402759
0.402816
0.402816
0.402816
0.402759
0.402759
0.402759
0.402759
0.402759
0.402816
0.402816
0.402816
0.402816
0.402816
0.402759
0.402759
0.402759
0.402759
0.402759
0.402759
0.402759
0.402759
0.402759
0.402759
0.402644
0.402701
0.402701
0.402701
0.402701
0.402701
0.402644
0.402587
0.402587
0.402587
0.402587
0.402587
0.40253
0.40253
0.402473
0.402473
0.402415
0.402473
0.402473
0.402473
0.40253
0.402473
0.402473
0.402473
0.402473
0.402473
0.402473
0.402473
0.402473
0.402473
0.402473
0.402473
0.402473
0.402473
0.402473
0.402473
0.402473
0.402415
0.402415
0.402415
0.402415
0.402358
0.402358
0.402358
0.402415
0.402587
0.402587
0.402587
0.402587
0.402587
0.402587
0.402587
0.402587
0.402587
0.402701
0.402701
0.402701
0.402759
0.402759
0.402759
0.402759
0.402759
0.402701
0.402701
0.402701
0.402644
0.402644
0.402701
0.402701
0.402701
0.402701
0.402644
0.402644
0.402644
0.402644
0.402644
0.402701
0.402701
0.402701
0.402759
0.402759
0.402816
0.402816
0.402816
0.402816
0.402873
0.40293
0.40293
0.402873
0.40293
0.40293
0.402988
0.402873
0.402873
0.402873
0.402816
0.402816
0.402816
0.402816
0.402816
0.402873
0.402873
0.402816
0.402816
0.402873
0.402873
0.40293
0.40293
0.40293
0.40293
0.402988
0.403045
0.403045
0.40293
0.40293
0.40293
0.40293
0.40293
0.40293
0.402988
0.402988
0.40293
0.40293
0.40293
0.402988
0.403045
0.403045
0.403045
0.403045
0.403045
0.402988
0.402988
0.402988
0.402988
0.403045
0.403045
0.403045
0.403045
0.403045
0.403102
0.403102
0.403045
0.402988
0.402988
0.402988
0.402988
0.403045
0.403045
0.403102
0.403102
0.403102
0.403102
0.403102
0.403159
0.403159
0.403159
0.403159
0.403159
0.403159
0.403159
0.403159
0.403159
0.403159
0.403159
0.403159
0.403045
0.403159
0.403102
0.403102
0.403102
0.403102
0.403102
0.403159
0.403159
0.403159
0.403159
0.403102
0.403159
0.403159
0.403159
0.403159
0.403159
0.403159
0.403102
0.403102
0.403045
0.403045
0.403045
0.403045
0.403045
0.403045
0.403102
0.403217
0.403159
0.403159
0.403217
0.403217
0.403159
0.403159
0.403159
0.403159
0.403217
0.403217
0.403217
0.403217
0.403331
0.403331
0.403331
0.403331
0.403331
0.403331
0.403331
0.403331
0.403331
0.403331
0.403388
0.403388
0.403388
0.403388
0.403331
0.403331
0.403331
0.403331
0.403331
0.403274
0.403274
0.403274
0.403274
0.403274
0.403331
0.403388
0.403446
0.403446
0.403446
0.403388
0.403388
0.403446
0.403388
0.403331
0.403331
0.403331
0.403331
0.403274
0.403274
0.403274
0.403274
0.403274
0.403217
0.403217
0.403217
0.403217
0.403159
0.403159
0.403217
0.403217
0.403159
0.403217
0.403217
0.403217
0.403274
0.403274
0.403274
0.403274
0.403274
0.403331
0.403331
0.403331
0.403331
0.403331
0.403331
0.403331
0.403274
0.403274
0.403217
0.403217
0.403217
0.403217
0.403274
0.403274
0.403331
0.403331
0.403274
0.403274
0.403274
0.403274
0.403331
0.403446
0.403446
0.403446
0.403446
0.403503
0.403503
0.403503
0.40356
0.403617
0.403732
0.403732
0.403674
0.403732
0.403789
0.403789
0.403789
0.403789
0.403846
0.403846
0.403846
0.403789
0.403789
0.403789
0.403789
0.403789
0.403789
0.403789
0.403789
0.403846
0.403846
0.403846
0.403903
0.403903
0.403903
0.403846
0.403846
0.403846
0.403903
0.403903
0.403903
0.403903
0.403903
0.403903
0.403846
0.403846
0.403846
0.403903
0.403903
0.403903
0.403903
0.403961
0.403961
0.403903
0.403789
0.403846
0.403903
0.403846
0.403846
0.403846
0.403846
0.403903
0.403961
0.403961
0.403961
0.403961
0.403961
0.403961
0.403961
0.403961
0.403903
0.403903
0.403903
0.403903
0.403903
0.403903
0.403903
0.403903
0.403846
0.403846
0.403846
0.403846
0.403846
0.403846
0.403846
0.403846
0.403846
0.403846
0.403903
0.404075
0.404075
0.404075
0.404075
0.404018
0.404018
0.404018
0.404018
0.404018
0.404075
0.404132
0.404132
0.404132
0.40419
0.404247
0.404304
0.404304
0.404304
0.404361
0.404361
0.404361
0.404361
0.404361
0.404361
0.404361
0.404361
0.404361
0.404361
0.404361
0.404361
0.404361
0.404361
0.404418
0.404418
0.404418
0.404304
0.404247
0.404304
0.404304
0.404304
0.404304
0.404304
0.404304
0.404361
0.404361
0.404361
0.404304
0.404247
0.404247
0.404247
0.404247
0.404247
0.404247
0.404247
0.404361
0.404361
0.404361
0.404361
0.404361
0.404361
0.404361
0.404361
0.404476
0.404418
0.404418
0.404418
0.404418
0.404361
0.404361
0.404361
0.404361
0.404361
0.404361
0.404361
0.404361
0.404361
0.404247
0.404247
0.404247
0.404247
0.404247
0.40419
0.40419
0.40419
0.40419
0.40419
0.404247
0.40419
0.40419
0.40419
0.40419
0.40419
0.404132
0.40419
0.404247
0.404247
0.404247
0.404247
0.404132
0.40419
0.40419
0.40419
0.40419
0.40419
0.404247
0.404304
0.404304
0.404304
0.404304
0.404361
0.404361
0.404361
0.404361
0.404361
0.404361
0.404361
0.404361
0.404361
0.404361
0.404361
0.404361
0.404361
0.404418
0.404418
0.404418
0.404418
0.404418
0.404418
0.404418
0.404476
0.404476
0.404476
0.404476
0.404476
0.404476
0.404533
0.404533
0.40459
0.40459
0.40459
0.404533
0.404533
0.404533
0.40459
0.40459
0.40459
0.40459
0.40459
0.40459
0.40459
0.40459
0.40459
0.404533
0.404533
0.404533
0.404533
0.404476
0.404476
0.404476
0.404476
0.404476
0.404361
0.404361
0.404418
0.404418
0.404304
0.404304
0.404304
0.404304
0.404304
0.404361
0.404304
0.404247
0.404304
0.404304
0.404304
0.404304
0.404304
0.404304
0.404247
0.404247
0.40419
0.40419
0.40419
0.40419
0.40419
0.40419
0.40419
0.40419
0.40419
0.404247
0.40419
0.40419
0.404132
0.404132
0.40419
0.404247
0.404304
0.404304
0.404247
0.404247
0.40419
0.40419
0.40419
0.40419
0.40419
0.404132
0.404075
0.404075
0.404018
0.404018
0.404018
0.404018
0.404018
0.403961
0.403961
0.403961
0.403961
0.403961
0.404018
0.404018
0.404018
0.404018
0.404018
0.404018
0.404018
0.404018
0.404018
0.404018
0.404018
0.403961
0.403961
0.403961
0.404018
0.403961
0.403961
0.403961
0.403961
0.403961
0.404075
0.404075
0.404075
0.404075
0.404132
0.404075
0.404075
0.404132
0.404132
0.404132
0.404132
0.404132
0.404132
0.404132
0.404132
0.404132
0.404075
0.404018
0.404018
0.404018
0.404018
0.404018
0.404018
0.404018
0.404018
0.404018
0.404018
0.404018
0.404018
0.404018
0.404018
0.403961
0.403961
0.403961
0.403961
0.403961
0.403961
0.403961
0.403961
0.403903
0.403961
0.403961
0.404018
0.404018
0.404018
0.404018
0.404018
0.404018
0.403961
0.404018
0.404018
0.404018
0.404018
0.404018
0.404075
0.404132
0.404247
0.404247
0.404304
0.404304
0.404304
0.404304
0.404304
0.404304
0.404304
0.404304
0.404304
0.404304
0.404247
0.404304
0.404304
0.404361
0.404418
0.404418
0.404418
0.404476
0.404476
0.404533
0.40459
0.404533
0.404533
0.404533
0.404533
0.404533
0.404476
0.404476
0.404476
0.404476
0.404476
0.404476
0.404476
0.404476
0.404476
0.404476
0.404418
0.404418
0.404533
0.404533
0.404533
0.404533
0.404533
0.404533
0.404533
0.404533
0.404533
0.404533
0.404476
0.404476
0.404476
0.404476
0.404476
0.404476
0.404476
0.404361
0.404304
0.404304
0.404304
0.404361
0.404361
0.404418
0.404418
0.404418
0.404533
0.404533
0.404533
0.404533
0.404533
0.404533
0.404533
0.404533
0.404533
0.404533
0.40459
0.40459
0.40459
0.40459
0.40459
0.40459
0.40459
0.40459
0.40459
0.404647
0.404647
0.404647
0.404647
0.404647
0.404647
0.404647
0.404647
0.404647
0.404647
0.404647
0.404647
0.404647
0.404647
0.404647
0.40459
0.40459
0.40459
0.40459
0.40459
0.40459
0.40459
0.40459
0.40459
0.40459
0.40459
0.404647
0.404647
0.40459
0.404762
0.404762
0.404762
0.404819
0.404819
0.404819
0.404819
0.404876
0.404876
0.404876
0.404876
0.404876
0.404876
0.404876
0.404876
0.404876
0.404876
0.404876
0.404934
0.404934
0.404934
0.404934
0.404934
0.404991
0.404991
0.404991
0.405048
0.405048
0.404991
0.404991
0.404991
0.405048
0.404934
0.404934
0.404934
0.404934
0.404934
0.404934
0.404934
0.404876
0.404876
0.404876
0.404934
0.404934
0.404876
0.404876
0.404876
0.404876
0.404876
0.404934
0.404934
0.404934
0.404876
0.404934
0.404934
0.404934
0.404934
0.404934
0.404934
0.404934
0.404934
0.404934
0.404934
0.404876
0.404876
0.404762
0.404819
0.404819
0.404819
0.404819
0.404876
0.404876
0.404876
0.404876
0.404876
0.404934
0.404991
0.404991
0.405048
0.405048
0.405105
0.405105
0.40522
0.40522
0.405163
0.405163
0.405163
0.405163
0.405163
0.40522
0.40522
0.40522
0.405277
0.405277
0.405277
0.405334
0.405334
0.405334
0.405391
0.405391
0.405391
0.405449
0.405449
0.405449
0.405449
0.405449
0.405449
0.405449
0.405449
0.405449
0.405449
0.405449
0.405506
0.405506
0.405506
0.405506
0.405563
0.405563
0.405563
0.405563
0.405563
0.40562
0.40562
0.405563
0.405563
0.405563
0.405563
0.405563
0.405506
0.405506
0.405563
0.405563
0.405563
0.405506
0.405506
0.405506
0.405449
0.405449
0.405449
0.405563
0.405506
0.40562
0.40562
0.40562
0.40562
0.40562
0.40562
0.40562
0.40562
0.40562
0.405563
0.405563
0.405563
0.405563
0.405563
0.405563
0.405563
0.40562
0.40562
0.40562
0.40562
0.40562
0.40562
0.40562
0.40562
0.40562
0.405563
0.405563
0.405563
0.40562
0.40562
0.40562
0.40562
0.40562
0.40562
0.40562
0.40562
0.405678
0.405792
0.405792
0.405678
0.405678
0.405678
0.405678
0.405678
0.40562
0.40562
0.40562
0.40562
0.405678
0.40562
0.40562
0.40562
0.40562
0.40562
0.405678
0.40562
0.40562
0.40562
0.40562
0.40562
0.40562
0.40562
0.405678
0.405678
0.405735
0.405735
0.405735
0.405735
0.405678
0.405678
0.405678
0.405678
0.405678
0.40562
0.40562
0.405563
0.405563
0.405563
0.405506
0.405563
0.405563
0.405735
0.405735
0.405735
0.405735
0.405792
0.405792
0.405792
0.405792
0.405735
0.405678
0.405678
0.405678
0.405792
0.405792
0.405792
0.405792
0.405735
0.405735
0.405735
0.405735
0.405735
0.405735
0.405735
0.405792
0.405792
0.405792
0.405792
0.405735
0.405735
0.405678
0.405678
0.405735
0.405735
0.405735
0.405735
0.405735
0.405678
0.405678
0.405678
0.405678
0.405678
0.405678
0.405792
0.405792
0.405849
0.405849
0.405907
0.405964
0.406021
0.405964
0.405964
0.405964
0.406021
0.406021
0.406078
0.406078
0.406078
0.406193
0.40625
0.40625
0.40625
0.406307
0.406307
0.406307
0.406307
0.406307
0.406307
0.406364
0.406422
0.406422
0.406422
0.406422
0.406422
0.406422
0.406422
0.406479
0.406479
0.406479
0.406593
0.406536
0.406536
0.406536
0.406479
0.406479
0.406422
0.406422
0.406422
0.406307
0.406422
0.406307
0.406307
0.406307
0.40625
0.406307
0.406422
0.406536
0.406536
0.406479
0.406479
0.406765
0.406822
0.406994
0.40688
0.406651
0.406593
0.406651
0.406651
0.406651
0.406593
0.406593
0.406479
0.406479
0.406479
0.406479
0.406536
0.406479
0.406422
0.406422
0.406422
0.406422
0.406364
0.406364
0.406364
0.406364
0.406364
0.406307
0.406307
0.406364
0.406422
0.406422
0.406422
0.406422
0.406536
0.406536
0.406536
0.406651
0.406708
0.406651
0.406651
0.406593
0.406593
0.406536
0.406536
0.406536
0.406593
0.406593
0.406708
0.406708
0.406651
0.406651
0.406593
0.406593
0.406593
0.406536
0.406479
0.406479
0.406479
0.406536
0.406536
0.406479
0.406479
0.406364
0.406364
0.406364
0.406364
0.406422
0.406422
0.406422
0.406422
0.406422
0.406479
0.406422
0.406536
0.406536
0.406536
0.406479
0.406479
0.406479
0.406422
0.406422
0.406364
0.406364
0.406364
0.406307
0.406307
0.406307
0.406307
0.406364
0.406364
0.406307
0.406307
0.406307
0.406307
0.406364
0.406364
0.40625
0.40625
0.40625
0.40625
0.40625
0.40625
0.40625
0.40625
0.406193
0.406193
0.40625
0.406193
0.406136
0.406136
0.40625
0.40625
0.406307
0.406307
0.406307
0.406307
0.406364
0.406364
0.406364
0.406364
0.406422
0.406364
0.406422
0.406422
0.406364
0.406364
0.406364
0.406307
0.406307
0.406307
0.406364
0.406364
0.406364
0.406307
0.406307
0.406307
0.406307
0.406307
0.406307
0.406307
0.406307
0.40625
0.40625
0.40625
0.40625
0.40625
0.40625
0.40625
0.40625
0.406193
0.406193
0.406193
0.406193
0.406136
0.406136
0.406078
0.406078
0.40625
0.406307
0.406364
0.406364
0.406307
0.406307
0.406307
0.406307
0.406307
0.40625
0.40625
0.406307
0.406479
0.406479
0.406422
0.406422
0.406479
0.406479
0.406479
0.406422
0.406422
0.406422
0.406422
0.406422
0.406422
0.406422
0.406422
0.406364
0.406364
0.406364
0.406364
0.406364
0.406364
0.406307
0.406307
0.406364
0.406364
0.406364
0.406307
0.406307
0.40625
0.40625
0.406193
0.40625
0.40625
0.40625
0.40625
0.40625
0.406136
0.406136
0.406136
0.406136
0.406136
0.406078
0.406021
0.406021
0.406021
0.405964
0.405907
0.405907
0.405907
0.405907
0.405907
0.405849
0.405849
0.405907
0.405849
0.405907
0.405907
0.405964
0.405907
0.405907
0.405907
0.405907
0.405907
0.405907
0.405849
0.405792
0.405792
0.405792
0.405792
0.405792
0.405792
0.405735
0.405735
0.405678
0.405678
0.405735
0.405678
0.405735
0.405792
0.405849
0.405849
0.405849
0.405849
0.405792
0.405792
0.405907
0.406078
0.406078
0.406021
0.406021
0.406078
0.406136
0.406136
0.406078
0.406078
0.406136
0.406193
0.406193
0.406193
0.406193
0.406193
0.406193
0.406193
0.406193
0.406193
0.406193
0.406193
0.406193
0.406193
0.406193
0.406193
0.406193
0.406193
0.40625
0.40625
0.406364
0.406422
0.406422
0.406479
0.406479
0.406479
0.406479
0.406479
0.406479
0.406479
0.406536
0.406536
0.406536
0.406536
0.406651
0.406593
0.406593
0.406593
0.406651
0.406651
0.406593
0.406536
0.406536
0.406651
0.406651
0.406651
0.406651
0.406651
0.406593
0.406536
0.406536
0.406536
0.406479
0.406479
0.406479
0.406479
0.406536
0.406536
0.406536
0.406536
0.406536
0.406536
0.406593
0.406651
0.406651
0.406651
0.406651
0.406651
0.406651
0.406651
0.406651
0.406651
0.406708
0.406708
0.406651
0.406708
0.406708
0.406708
0.406765
0.406822
0.40688
0.40688
0.406937
0.406937
0.40688
0.40688
0.40688
0.406937
0.406822
0.406994
0.406994
0.406994
0.406937
0.40688
0.40688
0.40688
0.40688
0.40688
0.406822
0.406822
0.406822
0.406822
0.40688
0.40688
0.40688
0.40688
0.40688
0.40688
0.40688
0.406937
0.40688
0.40688
0.406937
0.406994
0.406994
0.407051
0.406994
0.407109
0.407109
0.407051
0.407051
0.407109
0.407109
0.407109
0.407109
0.407166
0.407166
0.407166
0.407166
0.407166
0.407166
0.407166
0.407166
0.407166
0.407166
0.407166
0.407166
0.407166
0.407109
0.407109
0.407166
0.407166
0.407109
